33674
33828
33783
32395
33761
4952
33719
32975
33659
17652
17657
17622
182
4781
32565
32591
32593
18092
32539
32537
32535
32511
32461
32456
32434
18098
18032
17700
17697
35504
18131
18129
18716
35644
32867
35676
35678
34458
35693
35703
35709
29359
36119
35720
35722
33553
18118
18078
33621
32754
22659
32975
33802
32395
33783
33814
35987
36043
18063
36144
33280
36166
36229
35929
36263
32973
36277
36295
36333
36359
36388
36391
32245
36448
36452
36473
36507
36530
4315
36536
32395
36556
32245
36684
36704
36710
36229
36556
36747
32135
36755
33553
33719
36783
36823
36831
36848
32233
36863
36869
35402
37265
37285
31335
37312
33553
33665
35706
35929
35987
36043
18063
36166
18084
4651
32610
37265
37285
37309
37312
32610
37431
37443
31904
37102
34737
37491
31779
37534
37561
18094
37583
37604
37626
36507
37638
34205
18224
17643
37745
34708
37766
34191
37815
37832
37604
37888
